[0.0, 0.0]
[0.0008648648648648637, -0.004249999999999997]
[0.002162162162162161, -0.008749999999999987]
[0.00454054054054054, -0.013000000000000005]
[0.00951351351351351, -0.014999999999999993]
[0.013189189189189189, -0.013749999999999991]
[0.017297297297297298, -0.010000000000000002]
[0.020972972972972976, -0.004499999999999997]
[0.02248648648648649, -0.0007499999999999937]
[0.023999999999999997, 0.0037500000000000103]
[0.025513513513513515, 0.009250000000000001]
[0.02681081081081081, 0.014499999999999999]
[0.027675675675675675, 0.019500000000000003]
[0.02875675675675676, 0.02500000000000001]
[0.030054054054054053, 0.030250000000000006]
[0.03135135135135135, 0.035250000000000004]
[0.03286486486486487, 0.04075]
[0.03524324324324324, 0.045000000000000005]
[0.04043243243243244, 0.04925]
[0.04562162162162163, 0.0485]
[0.050810810810810805, 0.04325000000000001]
[0.05427027027027026, 0.037750000000000006]
[0.057297297297297295, 0.03275]
[0.05945945945945945, 0.028000000000000004]
[0.06097297297297298, 0.023]
[0.06227027027027027, 0.018250000000000002]
[0.06313513513513513, 0.012500000000000004]
[0.06313513513513513, -0.003499999999999996]
[0.0627027027027027, -0.008249999999999987]
[0.0614054054054054, -0.014000000000000005]
[0.059675675675675666, -0.01775000000000001]
[-0.00021621621621621678, 0.011750000000000003]
[0.0, 0.017750000000000002]
[0.0, 0.02225]
[0.0006486486486486469, 0.027750000000000004]
[0.0010810810810810787, 0.03275]
