[0.0071351351351351365, -0.060750000000000005]
[0.008, -0.065]
[0.009297297297297297, -0.06949999999999999]
[0.011675675675675677, -0.07375000000000001]
[0.016648648648648647, -0.07575]
[0.020324324324324326, -0.0745]
[0.024432432432432434, -0.07075000000000001]
[0.028108108108108112, -0.06525]
[0.029621621621621626, -0.0615]
[0.031135135135135134, -0.056999999999999995]
[0.03264864864864865, -0.051500000000000004]
[0.033945945945945945, -0.046250000000000006]
[0.03481081081081081, -0.04125]
[0.035891891891891896, -0.03575]
[0.03718918918918919, -0.0305]
[0.03848648648648649, -0.025500000000000002]
[0.04000000000000001, -0.020000000000000004]
[0.04237837837837838, -0.01575]
[0.047567567567567574, -0.011500000000000002]
[0.05275675675675676, -0.01225]
[0.057945945945945945, -0.017499999999999998]
[0.0614054054054054, -0.023000000000000003]
[0.06443243243243243, -0.028000000000000004]
[0.06659459459459459, -0.03275]
[0.06810810810810812, -0.037750000000000006]
[0.06940540540540541, -0.0425]
[0.07027027027027027, -0.04825]
[0.07027027027027027, -0.06425]
[0.06983783783783784, -0.06899999999999999]
[0.06854054054054054, -0.07475000000000001]
[0.0668108108108108, -0.07850000000000001]
[0.00691891891891892, -0.049]
[0.0071351351351351365, -0.043000000000000003]
[0.0071351351351351365, -0.038500000000000006]
[0.007783783783783783, -0.033]
[0.008216216216216215, -0.028000000000000004]
