[0.0, 0.0]
[0.00043243243243243357, -0.0050000000000000044]
[0.0012972972972972972, -0.010250000000000009]
[0.0028108108108108112, -0.0155]
[0.004972972972972972, -0.020500000000000004]
[0.011027027027027025, -0.02725000000000001]
[0.01491891891891892, -0.028999999999999998]
[0.019675675675675675, -0.03]
[0.02637837837837838, -0.0305]
[0.03135135135135135, -0.0295]
[0.035459459459459455, -0.027499999999999997]
[0.04043243243243244, -0.022999999999999993]
[0.043891891891891896, -0.018000000000000002]
[0.047783783783783784, -0.011999999999999997]
[0.04864864864864865, -0.006500000000000006]
[0.048432432432432435, 0.0002500000000000002]
[0.047783783783783784, 0.005250000000000005]
[0.04713513513513515, 0.011000000000000003]
[0.046486486486486484, 0.017750000000000002]
[0.045405405405405413, 0.02325]
[0.043891891891891896, 0.028500000000000004]
[0.04172972972972973, 0.03325]
[0.03935135135135136, 0.038]
[0.03697297297297299, 0.041749999999999995]
[0.03135135135135135, 0.048]
[0.0265945945945946, 0.05075]
[0.022702702702702703, 0.051750000000000004]
[0.01621621621621622, 0.051750000000000004]
[0.012540540540540542, 0.04975]
[0.0071351351351351365, 0.043]
[0.004972972972972972, 0.038]
[0.0034594594594594616, 0.033]
[0.002378378378378381, 0.028000000000000004]
[0.0012972972972972972, 0.02275]
[0.00043243243243243357, 0.017750000000000002]
[0.0, 0.012500000000000004]
