[0.02010810810810811, -0.06475]
[0.020540540540540542, -0.06975]
[0.021405405405405406, -0.07500000000000001]
[0.02291891891891892, -0.08025]
[0.02508108108108108, -0.08525]
[0.031135135135135134, -0.09200000000000001]
[0.03502702702702703, -0.09375]
[0.039783783783783784, -0.09475]
[0.04648648648648649, -0.09525]
[0.051459459459459456, -0.09425]
[0.05556756756756757, -0.09225]
[0.06054054054054055, -0.08775]
[0.064, -0.08275]
[0.06789189189189189, -0.07675]
[0.06875675675675676, -0.07125000000000001]
[0.06854054054054054, -0.0645]
[0.06789189189189189, -0.0595]
[0.06724324324324325, -0.05375]
[0.06659459459459459, -0.047]
[0.06551351351351352, -0.0415]
[0.064, -0.03625]
[0.06183783783783784, -0.0315]
[0.05945945945945946, -0.026750000000000003]
[0.05708108108108109, -0.023000000000000003]
[0.051459459459459456, -0.01675]
[0.04670270270270271, -0.014000000000000002]
[0.04281081081081081, -0.013000000000000001]
[0.03632432432432433, -0.013000000000000001]
[0.03264864864864865, -0.015]
[0.027243243243243245, -0.021750000000000002]
[0.02508108108108108, -0.026750000000000003]
[0.02356756756756757, -0.03175]
[0.02248648648648649, -0.03675]
[0.021405405405405406, -0.042]
[0.020540540540540542, -0.047]
[0.02010810810810811, -0.05225]
